Use default list.csv
3043453562	39.479408	117.934076	38	5	0	0	0.049302	0.000912	0.000013	0.013997	0.000212	0.064435	0.987446	0.984097	0.983288	0.979302	0.974193	0.966567	0.949596	0.884969	0.439514	0.073128	0.013927	0.008706	0.006707	0.005389	0.004465	0.985093	18	XX
3043453562	28.026528	101.040586	27	4	0	0	0.042175	0.001377	0.000013	0.011999	0.000134	0.055697	0.994257	0.990421	0.989197	0.975972	0.937892	0.862984	0.664733	0.357452	0.035678	0.008813	0.006022	0.004511	0.003531	0.002876	0.002414	0.990776	20	XY
3043453562	34.465713	130.335949	34	5	0	0	0.051702	0.001346	0.000013	0.012063	0.000344	0.065467	0.994354	0.991077	0.990188	0.984017	0.963774	0.926509	0.865272	0.708887	0.201554	0.023943	0.009164	0.006694	0.005242	0.004267	0.003555	0.991764	21	XY
3043453562	37.830223	125.068278	37	5	0	0	0.04375	0.00117	0.000013	0.012914	0.00028	0.058127	0.994565	0.991871	0.991104	0.986145	0.971932	0.941015	0.901983	0.819031	0.367171	0.05507	0.011791	0.00796	0.006256	0.005083	0.004236	0.992374	21	XY
3043453562	31.587762	104.805095	31	4	0	0	0.045901	0.001059	0.000013	0.012527	0.000228	0.059727	0.987342	0.983641	0.982669	0.977075	0.967925	0.941815	0.832018	0.573731	0.09376	0.012495	0.007274	0.005396	0.004232	0.00343	0.002831	0.984666	18	XX
3043453562	27.29439	106.940566	26	4	0	0	0.045225	0.001462	0.000013	0.013593	0.000172	0.060464	0.993901	0.989882	0.988612	0.974071	0.932715	0.844313	0.619501	0.310706	0.029694	0.008869	0.006112	0.00456	0.003585	0.002926	0.002462	0.990207	20	XY
3043453562	21.558084	90.398915	21	4	0	0	0.04091	0.001291	0.000013	0.011873	0.000156	0.054242	0.993928	0.988866	0.986526	0.9539	0.856951	0.59051	0.246104	0.063103	0.008393	0.005173	0.003709	0.002866	0.002319	0.001931	0.001639	0.987703	19	XY
3043453562	27.178255	90.089699	26	4	0	0	0.043342	0.000998	0.000013	0.01285	0.00021	0.057413	0.993955	0.990072	0.988823	0.974493	0.933297	0.845192	0.619391	0.308257	0.028515	0.008498	0.005886	0.004461	0.003548	0.002909	0.002434	0.990323	20	XY
3043453562	35.416279	126.46036	35	5	0	0	0.046968	0.001562	0.000013	0.010901	0.000395	0.059839	0.99459	0.991462	0.990624	0.984847	0.966274	0.93093	0.878323	0.745937	0.244427	0.02944	0.00932	0.006657	0.005138	0.004121	0.003411	0.992101	21	XY
3043453562	27.089528	100.633838	26	4	0	0	0.044103	0.001355	0.000013	0.01325	0.000256	0.058976	0.994128	0.990213	0.988876	0.973763	0.931658	0.841398	0.612134	0.301633	0.027281	0.007991	0.005454	0.004067	0.003221	0.002651	0.002248	0.990402	20	XY
3043453562	44.720497	140.955666	44	6	0	0	0.066026	0.000763	0.000012	0.013513	0.000213	0.080527	0.994732	0.99197	0.991281	0.987818	0.981191	0.962583	0.933181	0.901223	0.688767	0.242892	0.038807	0.011794	0.008459	0.006783	0.005592	0.992635	21	XY
3043453562	23.25176	96.831905	22	4	0	0	0.040009	0.00091	0.000013	0.012019	0.000162	0.053113	0.993959	0.989462	0.987594	0.961615	0.8907	0.689837	0.350652	0.108856	0.010917	0.006229	0.004509	0.003457	0.002754	0.00228	0.001942	0.988782	20	XY
3043453562	29.898008	94.894929	29	4	0	0	0.043291	0.00125	0.000013	0.012928	0.000146	0.057627	0.987445	0.98374	0.982752	0.976787	0.965837	0.926131	0.769549	0.468409	0.057258	0.010307	0.006678	0.004947	0.003875	0.003148	0.002615	0.984686	18	XX
3043453562	31.967306	104.865871	31	4	0	0	0.043976	0.000762	0.000013	0.024189	0.00009	0.069031	0.987392	0.983561	0.982593	0.977151	0.968331	0.944732	0.843716	0.59351	0.100469	0.013288	0.007787	0.005771	0.004483	0.003605	0.002977	0.984675	18	XX
3043453562	33.940196	118.414416	33	5	0	0	0.048441	0.001233	0.000013	0.012594	0.000187	0.062468	0.994246	0.990855	0.989939	0.983319	0.961831	0.923554	0.857907	0.690518	0.182803	0.021214	0.008901	0.006578	0.005151	0.004178	0.003477	0.991572	21	XY
3043453562	27.354136	95.50889	26	4	0	0	0.042543	0.001162	0.000013	0.012576	0.00028	0.056574	0.987548	0.9835	0.982428	0.975546	0.959062	0.879262	0.632996	0.304447	0.027019	0.008289	0.005706	0.004257	0.003318	0.002686	0.002249	0.984524	18	XX
3043453562	40.182714	125.989263	39	5	0	0	0.047849	0.001027	0.000013	0.013839	0.000258	0.062986	0.994771	0.99196	0.991205	0.986959	0.976279	0.949932	0.916005	0.860429	0.489504	0.10062	0.016305	0.008885	0.006733	0.005352	0.004428	0.99258	21	XY
3043453562	20.584053	97.327679	20	4	0	0	0.040318	0.002378	0.000013	0.014414	0.000244	0.057367	0.993407	0.987884	0.98523	0.947224	0.827887	0.516868	0.183949	0.042341	0.008298	0.005401	0.003887	0.002969	0.00236	0.001926	0.001612	0.986324	19	XY
3043453562	34.261852	108.189668	33	5	0	0	0.047365	0.001065	0.000013	0.013637	0.000179	0.062259	0.987452	0.983883	0.982992	0.978174	0.970849	0.956097	0.898126	0.718737	0.181945	0.019864	0.008195	0.006019	0.00472	0.003865	0.003256	0.984919	18	XX
3043453562	33.592952	107.313392	33	4	0	0	0.04184	0.00117	0.000013	0.0125	0.000186	0.055708	0.987739	0.983945	0.98299	0.977818	0.969955	0.952817	0.882795	0.682082	0.15623	0.018109	0.008506	0.00627	0.004839	0.003848	0.003162	0.985033	18	XX
3043453562	3.150591	16.337718	3	1	0	0	0.039861	0.001101	0.000013	0.012979	0	0.053954	0.93197	0.364319	0.200356	0.005204	0.001743	0.001088	0.000791	0.000629	0.000455	0.000363	0.000304	0.000262	0.00023	0.000205	0.000184	0.610773	4	XX
3043453562	26.810459	92.924854	26	4	0	0	0.041654	0.001709	0.000013	0.011252	0.000262	0.054891	0.987104	0.982621	0.981403	0.973646	0.954825	0.863731	0.601087	0.275086	0.023064	0.007805	0.005451	0.004081	0.003221	0.00265	0.00224	0.983717	18	XX
3043453562	32.649295	118.720169	32	5	0	0	0.047825	0.001016	0.000013	0.01414	0.00012	0.063113	0.99437	0.990965	0.990017	0.982463	0.95797	0.915901	0.832435	0.629709	0.135632	0.016188	0.008133	0.00598	0.004608	0.003708	0.003071	0.991631	21	XY
3043453562	7.129671	29.14302	7	2	0	0	0.035938	0.001375	0.000013	0.01241	0.000056	0.049792	0.987838	0.875507	0.782965	0.179633	0.014407	0.004461	0.002853	0.002034	0.001253	0.000902	0.000718	0.000608	0.000531	0.000473	0.000429	0.8531	8	XY
3043453562	126.690667	263.891481	125	12	0.000001	0	0.055666	0.000188	0.000013	0.113822	0.000187	0.169877	0.995903	0.994247	0.993914	0.992504	0.991254	0.990045	0.988839	0.987591	0.984716	0.977989	0.9574	0.930466	0.914818	0.904946	0.881084	0.994091	22	XY
3043453562	115.980109	236.067233	112	10	0.000001	0	0.054849	0.000161	0.000013	0.140987	0.000085	0.196096	0.990198	0.987126	0.986723	0.985146	0.983795	0.982538	0.981325	0.980105	0.977323	0.97325	0.967395	0.960956	0.952523	0.923921	0.814567	0.98785	19	XX
